{"W": [[0.2, 0.0, 0.0, 0.0, 0.0, 0.0], [0.0, 0.2, 0.0, 0.0, 0.0, 0.0], [0.0, 0.0, 0.2, 0.0, 0.0, 0.0], [0.0, 0.0, 0.0, -0.2, 0.0, 0.0], [0.0, 0.0, 0.0, 0.0, -0.2, 0.0], [0.0, 0.0, 0.0, 0.0, 0.0, -0.2]], "K": [[2, 0, 0, 0, 0, 0], [0, 2, 0, 0, 0, 0], [0, 0, 3, 0, 0, 0], [0, 0, 0, 3, 0, 0], [0, 0, 0, 0, 2, 0], [0, 0, 0, 0, 0, 2]], "A": [[0, 1, 1, 0, 0, 0], [1, 0, 1, 0, 0, 0], [1, 1, 0, 1, 0, 0], [0, 0, 1, 0, 1, 1], [0, 0, 0, 1, 0, 1], [0, 0, 0, 1, 1, 0]], "V_W": [[0.5773502691896258, 0.5773502691896258, 0.5773502691896258, 0.0, 0.0, 0.0], [0.0, 0.0, 0.0, 0.7071067811865475, 0.7071067811865475, 0.0], [0.0, 0.0, 0.0, 0.0, 0.0, 1.0]], "M_W": [[0.3333333333333333, 0.3333333333333333, 0.3333333333333333, 0.0, 0.0, 0.0], [0.0, 0.0, 0.0, 0.5, 0.5, 0.0], [0.0, 0.0, 0.0, 0.0, 0.0, 1.0]], "V_K": [[0.7071067811865475, 0.7071067811865475, 0.0, 0.0, 0.0, 0.0], [0.0, 0.0, 0.7071067811865475, 0.7071067811865475, 0.0, 0.0], [0.0, 0.0, 0.0, 0.0, 0.7071067811865475, 0.7071067811865475]], "M_K": [[0.5, 0.5, 0.0, 0.0, 0.0, 0.0], [0.0, 0.0, 0.5, 0.5, 0.0, 0.0], [0.0, 0.0, 0.0, 0.0, 0.5, 0.5]], "V_A": [[0.35355339059327356, 0.35355339059327345, 0.5, 0.5000000000000003, 0.3535533905932738, 0.3535533905932738], [-0.44403691698855763, -0.4440369169885577, -0.32505758367186827, 0.32505758367186793, 0.44403691698855763, 0.44403691698855763], [-0.35355339059327345, -0.35355339059327395, 0.5, 0.5, -0.3535533905932739, -0.3535533905932739]], "M_A": [[0.43540496062465, 0.4354049606246497, 5.623584926947081e-10, 0.12651593238105974, 0.0007108599583419071, 0.001963285848940037], [2.4017477739170565e-39, 2.066035559402799e-39, 6.31768494676793e-122, 0.09382051456832681, 0.45363661964769697, 0.45254286578397623], [5.459058914954678e-31, 1.8758092136182838e-31, 0.6909739903289785, 0.30902600967102145, 8.945299338830344e-107, 5.636228768695928e-107]], "V_T1_WK": [[0.5773502691896258, 0.5773502691896258, 0.5773502691896258, 0.0, 0.0, 0.0], [0.0, 0.0, 0.0, 0.7071067811865475, 0.7071067811865475, 0.0], [0.0, 0.0, 0.0, 0.0, 0.0, 1.0]], "V_T2_WK": [[0.7071067811865475, 0.7071067811865475, 0.0, 0.0, 0.0, 0.0], [0.0, 0.0, 0.7071067811865475, 0.7071067811865475, 0.0, 0.0], [0.0, 0.0, 0.0, 0.0, 0.7071067811865475, 0.7071067811865475]], "M_WK": [[0.33333330385244303, 0.33333330744490697, 0.3333332951109758, 2.5805652414128766e-08, 6.7786021798944e-08, 0.0], [0.0, 0.0, 0.0, 0.0005049736224840521, 0.0005049194056153254, 0.9989901069719007], [8.452106030895837e-05, 8.450312076704215e-05, 8.45647122054375e-05, 0.4998722428084767, 0.4998722489765214, 1.9193217205068874e-06]], "V_T1_WA": [[0.5773502691896258, 0.5773502691896258, 0.5773502691896258, 0.0, 0.0, 0.0], [0.0, 0.0, 0.0, 0.7071067811865475, 0.7071067811865475, 0.0], [0.0, 0.0, 0.0, 0.0, 0.0, 1.0]], "V_T2_WA": [[0.35355339059327356, 0.35355339059327345, 0.5, 0.5000000000000003, 0.3535533905932738, 0.3535533905932738], [-0.44403691698855763, -0.4440369169885577, -0.32505758367186827, 0.32505758367186793, 0.44403691698855763, 0.44403691698855763], [-0.35355339059327345, -0.35355339059327395, 0.5, 0.5, -0.3535533905932739, -0.3535533905932739]], "M_WA": [[0.3333333333333021, 0.3333333333330469, 0.33333333333323234, 4.157469042471521e-13, 3.00382304332827e-15, 1.5023071173586744e-24], [9.06516554184763e-22, 7.286056561173228e-24, 4.2080669063305405e-22, 7.091690165853529e-06, 4.1602343797021224e-06, 0.9999887480754543], [0.008964842191561169, 0.008964842191910053, 0.008964842191656535, 0.4692988323260591, 0.46930061548356405, 0.034506025615248924]], "V_T1_KW": [[0.7071067811865475, 0.7071067811865475, 0.0, 0.0, 0.0, 0.0], [0.0, 0.0, 0.7071067811865475, 0.7071067811865475, 0.0, 0.0], [0.0, 0.0, 0.0, 0.0, 0.7071067811865475, 0.7071067811865475]], "V_T2_KW": [[0.5773502691896258, 0.5773502691896258, 0.5773502691896258, 0.0, 0.0, 0.0], [0.0, 0.0, 0.0, 0.7071067811865475, 0.7071067811865475, 0.0], [0.0, 0.0, 0.0, 0.0, 0.0, 1.0]], "M_KW": [[0.4997079560390421, 0.49971278371099515, 0.000320388279530043, 0.00025887197043274386, 0.0, 0.0], [0.0, 0.0, 8.981363097944823e-05, 4.727912857241605e-05, 0.49993475474015425, 0.4999281525002939], [4.0852773176045284e-05, 3.119419669780649e-05, 0.4998600737438536, 0.49993492903537473, 5.657449582285812e-05, 7.63757550749929e-05]], "V_T1_KA": [[0.7071067811865475, 0.7071067811865475, 0.0, 0.0, 0.0, 0.0], [0.0, 0.0, 0.7071067811865475, 0.7071067811865475, 0.0, 0.0], [0.0, 0.0, 0.0, 0.0, 0.7071067811865475, 0.7071067811865475]], "V_T2_KA": [[0.35355339059327356, 0.35355339059327345, 0.5, 0.5000000000000003, 0.3535533905932738, 0.3535533905932738], [-0.44403691698855763, -0.4440369169885577, -0.32505758367186827, 0.32505758367186793, 0.44403691698855763, 0.44403691698855763], [-0.35355339059327345, -0.35355339059327395, 0.5, 0.5, -0.3535533905932739, -0.3535533905932739]], "M_KA": [[9.35437786531413e-08, 9.354377949449108e-08, 0.49999990642635433, 0.49999990642635816, 2.986471679700237e-11, 2.98647169973349e-11], [2.131767512553757e-05, 2.1317675120135444e-05, 3.947374135789864e-08, 3.947374135881272e-08, 0.4999786428505995, 0.4999786428516722], [0.49763723290562584, 0.4976372329129237, 0.0010414199587562498, 0.0010414199587652718, 0.0013213471311189899, 0.0013213471328101065]], "V_T1_AW": [[0.35355339059327356, 0.35355339059327345, 0.5, 0.5000000000000003, 0.3535533905932738, 0.3535533905932738], [-0.44403691698855763, -0.4440369169885577, -0.32505758367186827, 0.32505758367186793, 0.44403691698855763, 0.44403691698855763], [-0.35355339059327345, -0.35355339059327395, 0.5, 0.5, -0.3535533905932739, -0.3535533905932739]], "V_T2_AW": [[0.5773502691896258, 0.5773502691896258, 0.5773502691896258, 0.0, 0.0, 0.0], [0.0, 0.0, 0.0, 0.7071067811865475, 0.7071067811865475, 0.0], [0.0, 0.0, 0.0, 0.0, 0.0, 1.0]], "M_AW": [[0.000399510074360608, 0.0003994490955301388, 7.018202731595271e-22, 0.03465824364937881, 0.4822711927579249, 0.48227160442280553], [8.07680456853553e-18, 3.930311073998568e-17, 0.5238174834357139, 0.4761825165642859, 8.13284521484303e-21, 5.814810025247961e-21], [0.47794398704093066, 0.4779440364586672, 0.044008421106010887, 1.0500604266564669e-25, 5.1956831674592125e-05, 5.159856271676519e-05]], "V_T1_AK": [[0.35355339059327356, 0.35355339059327345, 0.5, 0.5000000000000003, 0.3535533905932738, 0.3535533905932738], [-0.44403691698855763, -0.4440369169885577, -0.32505758367186827, 0.32505758367186793, 0.44403691698855763, 0.44403691698855763], [-0.35355339059327345, -0.35355339059327395, 0.5, 0.5, -0.3535533905932739, -0.3535533905932739]], "V_T2_AK": [[0.7071067811865475, 0.7071067811865475, 0.0, 0.0, 0.0, 0.0], [0.0, 0.0, 0.7071067811865475, 0.7071067811865475, 0.0, 0.0], [0.0, 0.0, 0.0, 0.0, 0.7071067811865475, 0.7071067811865475]], "M_AK": [[1.667188334515669e-33, 2.4034277447246676e-33, 0.8279844770322558, 0.17201552296774422, 7.94182938195088e-110, 1.1004564703305789e-109], [4.63969338978045e-10, 5.191510151798244e-09, 1.2432401163771855e-22, 0.20677185410866394, 0.396610694950837, 0.3966174452850195], [0.4983737389547307, 0.49837373177067834, 4.3450839739720304e-05, 1.5306957353879803e-08, 0.0016109587996552992, 0.0015981043282386833]], "V_T1_WKA": [[0.5773502691896258, 0.5773502691896258, 0.5773502691896258, 0.0, 0.0, 0.0], [0.0, 0.0, 0.0, 0.7071067811865475, 0.7071067811865475, 0.0], [0.0, 0.0, 0.0, 0.0, 0.0, 1.0]], "V_T2_WKA": [[0.7071067811865475, 0.7071067811865475, 0.0, 0.0, 0.0, 0.0], [0.0, 0.0, 0.7071067811865475, 0.7071067811865475, 0.0, 0.0], [0.0, 0.0, 0.0, 0.0, 0.7071067811865475, 0.7071067811865475]], "V_T3_WKA": [[0.35355339059327356, 0.35355339059327345, 0.5, 0.5000000000000003, 0.3535533905932738, 0.3535533905932738], [-0.44403691698855763, -0.4440369169885577, -0.32505758367186827, 0.32505758367186793, 0.44403691698855763, 0.44403691698855763], [-0.35355339059327345, -0.35355339059327395, 0.5, 0.5, -0.3535533905932739, -0.3535533905932739]], "M_WKA": [[0.3332128617254453, 0.3332128617257435, 0.3332128617230359, 0.00017930330357842484, 0.00017930330357844457, 2.8082186184169694e-06], [2.0353247125226172e-07, 2.0353248456572752e-07, 2.035323636915153e-07, 0.0002240874940680905, 0.00022408749406814277, 0.9995512144145443], [2.269865582789192e-05, 2.2698653829022484e-05, 2.269867197703935e-05, 0.4999186889347629, 0.4999186889347629, 9.452614884015667e-05]], "V_T1_WAK": [[0.5773502691896258, 0.5773502691896258, 0.5773502691896258, 0.0, 0.0, 0.0], [0.0, 0.0, 0.0, 0.7071067811865475, 0.7071067811865475, 0.0], [0.0, 0.0, 0.0, 0.0, 0.0, 1.0]], "V_T2_WAK": [[0.35355339059327356, 0.35355339059327345, 0.5, 0.5000000000000003, 0.3535533905932738, 0.3535533905932738], [-0.44403691698855763, -0.4440369169885577, -0.32505758367186827, 0.32505758367186793, 0.44403691698855763, 0.44403691698855763], [-0.35355339059327345, -0.35355339059327395, 0.5, 0.5, -0.3535533905932739, -0.3535533905932739]], "V_T3_WAK": [[0.7071067811865475, 0.7071067811865475, 0.0, 0.0, 0.0, 0.0], [0.0, 0.0, 0.7071067811865475, 0.7071067811865475, 0.0, 0.0], [0.0, 0.0, 0.0, 0.0, 0.7071067811865475, 0.7071067811865475]], "M_WAK": [[2.8426874081871014e-18, 3.960371345654201e-18, 3.1633839726809555e-21, 0.000173548048835152, 0.0001761708012398315, 0.999650281149925], [0.005648396427218915, 0.005648396426706224, 0.0056483964300250355, 0.47921776312925496, 0.4792160955059869, 0.024620952080807952], [0.3333333333338062, 0.3333333333341689, 0.33333333333181886, 6.75347706406797e-14, 1.386379978308097e-13, 5.987246555136118e-19]], "V_T1_KWA": [[0.7071067811865475, 0.7071067811865475, 0.0, 0.0, 0.0, 0.0], [0.0, 0.0, 0.7071067811865475, 0.7071067811865475, 0.0, 0.0], [0.0, 0.0, 0.0, 0.0, 0.7071067811865475, 0.7071067811865475]], "V_T2_KWA": [[0.5773502691896258, 0.5773502691896258, 0.5773502691896258, 0.0, 0.0, 0.0], [0.0, 0.0, 0.0, 0.7071067811865475, 0.7071067811865475, 0.0], [0.0, 0.0, 0.0, 0.0, 0.0, 1.0]], "V_T3_KWA": [[0.35355339059327356, 0.35355339059327345, 0.5, 0.5000000000000003, 0.3535533905932738, 0.3535533905932738], [-0.44403691698855763, -0.4440369169885577, -0.32505758367186827, 0.32505758367186793, 0.44403691698855763, 0.44403691698855763], [-0.35355339059327345, -0.35355339059327395, 0.5, 0.5, -0.3535533905932739, -0.3535533905932739]], "M_KWA": [[7.739573272795254e-23, 4.183524063301268e-21, 0.5, 0.5, 7.671421717161607e-34, 8.05302458519152e-34], [8.595977137647402e-06, 8.840205224695331e-06, 1.0452304721099097e-34, 1.6954387712545298e-33, 0.4999913761225349, 0.4999911876951028], [0.45324241825207323, 0.4532422179299075, 0.011687452205005123, 0.01168745220500512, 0.03507014935818165, 0.03507031004982736]], "V_T1_KAW": [[0.7071067811865475, 0.7071067811865475, 0.0, 0.0, 0.0, 0.0], [0.0, 0.0, 0.7071067811865475, 0.7071067811865475, 0.0, 0.0], [0.0, 0.0, 0.0, 0.0, 0.7071067811865475, 0.7071067811865475]], "V_T2_KAW": [[0.35355339059327356, 0.35355339059327345, 0.5, 0.5000000000000003, 0.3535533905932738, 0.3535533905932738], [-0.44403691698855763, -0.4440369169885577, -0.32505758367186827, 0.32505758367186793, 0.44403691698855763, 0.44403691698855763], [-0.35355339059327345, -0.35355339059327395, 0.5, 0.5, -0.3535533905932739, -0.3535533905932739]], "V_T3_KAW": [[0.5773502691896258, 0.5773502691896258, 0.5773502691896258, 0.0, 0.0, 0.0], [0.0, 0.0, 0.0, 0.7071067811865475, 0.7071067811865475, 0.0], [0.0, 0.0, 0.0, 0.0, 0.0, 1.0]], "M_KAW": [[1.7698819586558474e-12, 2.3969898877544055e-12, 5.7763975777445135e-06, 7.99771156939501e-06, 0.49999320951868587, 0.49999301636800014], [0.00032726827851930666, 0.0003269582966873465, 0.4994785226725667, 0.49947336762581357, 0.00019670959952209385, 0.0001971735268909926], [0.499993442336377, 0.49999362851846363, 4.017514777713864e-06, 8.87010459649315e-06, 3.204891308442941e-08, 9.476871971996652e-09]], "V_T1_AWK": [[0.35355339059327356, 0.35355339059327345, 0.5, 0.5000000000000003, 0.3535533905932738, 0.3535533905932738], [-0.44403691698855763, -0.4440369169885577, -0.32505758367186827, 0.32505758367186793, 0.44403691698855763, 0.44403691698855763], [-0.35355339059327345, -0.35355339059327395, 0.5, 0.5, -0.3535533905932739, -0.3535533905932739]], "V_T2_AWK": [[0.5773502691896258, 0.5773502691896258, 0.5773502691896258, 0.0, 0.0, 0.0], [0.0, 0.0, 0.0, 0.7071067811865475, 0.7071067811865475, 0.0], [0.0, 0.0, 0.0, 0.0, 0.0, 1.0]], "V_T3_AWK": [[0.7071067811865475, 0.7071067811865475, 0.0, 0.0, 0.0, 0.0], [0.0, 0.0, 0.7071067811865475, 0.7071067811865475, 0.0, 0.0], [0.0, 0.0, 0.0, 0.0, 0.7071067811865475, 0.7071067811865475]], "M_AWK": [[0.39790618927545496, 0.3979061892754777, 0.1458123803725153, 4.305929737544935e-55, 0.029187620531561896, 0.029187620544990207], [3.928132931115139e-66, 4.121127753563441e-66, 7.155239230413593e-176, 0.1097228674326632, 0.4451385663071781, 0.44513856626015863], [1.771006567125502e-124, 1.28576990207554e-123, 0.594154683326323, 0.4058453166736769, 7.103384597528123e-307, 7.705155562377005e-307]], "V_T1_AKW": [[0.35355339059327356, 0.35355339059327345, 0.5, 0.5000000000000003, 0.3535533905932738, 0.3535533905932738], [-0.44403691698855763, -0.4440369169885577, -0.32505758367186827, 0.32505758367186793, 0.44403691698855763, 0.44403691698855763], [-0.35355339059327345, -0.35355339059327395, 0.5, 0.5, -0.3535533905932739, -0.3535533905932739]], "V_T2_AKW": [[0.7071067811865475, 0.7071067811865475, 0.0, 0.0, 0.0, 0.0], [0.0, 0.0, 0.7071067811865475, 0.7071067811865475, 0.0, 0.0], [0.0, 0.0, 0.0, 0.0, 0.7071067811865475, 0.7071067811865475]], "V_T3_AKW": [[0.5773502691896258, 0.5773502691896258, 0.5773502691896258, 0.0, 0.0, 0.0], [0.0, 0.0, 0.0, 0.7071067811865475, 0.7071067811865475, 0.0], [0.0, 0.0, 0.0, 0.0, 0.0, 1.0]], "M_AKW": [[7.822146569250749e-33, 8.129700292126336e-33, 0.43759164612250184, 0.5624083538774981, 1.6136310608352588e-25, 7.198223987079754e-26], [0.4611932944074849, 0.46119331058074325, 0.07761338688490617, 1.1806170734377856e-50, 4.063434448261299e-09, 4.063431223046702e-09], [2.0803300415291986e-08, 6.436832756899209e-09, 1.2851103305262682e-16, 0.04707401017917874, 0.47646298129013387, 0.4764629812905541]]}