{"W": [[0.2, 0.0, 0.0, 0.0, 0.0, 0.0], [0.0, 0.2, 0.0, 0.0, 0.0, 0.0], [0.0, 0.0, 0.2, 0.0, 0.0, 0.0], [0.0, 0.0, 0.0, -0.2, 0.0, 0.0], [0.0, 0.0, 0.0, 0.0, -0.2, 0.0], [0.0, 0.0, 0.0, 0.0, 0.0, -0.2]], "K": [[2, 0, 0, 0, 0, 0], [0, 2, 0, 0, 0, 0], [0, 0, 3, 0, 0, 0], [0, 0, 0, 3, 0, 0], [0, 0, 0, 0, 2, 0], [0, 0, 0, 0, 0, 2]], "A": [[0, 1, 1, 0, 0, 0], [1, 0, 1, 0, 0, 0], [1, 1, 0, 1, 0, 0], [0, 0, 1, 0, 1, 1], [0, 0, 0, 1, 0, 1], [0, 0, 0, 1, 1, 0]], "V_W": [[0.5773502691896258, 0.5773502691896258, 0.5773502691896258, 0.0, 0.0, 0.0], [0.0, 0.0, 0.0, 0.7071067811865475, 0.7071067811865475, 0.0], [0.0, 0.0, 0.0, 0.0, 0.0, 1.0]], "M_W": [[0.3333333333333333, 0.3333333333333333, 0.3333333333333333, 0.0, 0.0, 0.0], [0.0, 0.0, 0.0, 0.5, 0.5, 0.0], [0.0, 0.0, 0.0, 0.0, 0.0, 1.0]], "V_K": [[0.7071067811865475, 0.7071067811865475, 0.0, 0.0, 0.0, 0.0], [0.0, 0.0, 0.7071067811865475, 0.7071067811865475, 0.0, 0.0], [0.0, 0.0, 0.0, 0.0, 0.7071067811865475, 0.7071067811865475]], "M_K": [[0.5, 0.5, 0.0, 0.0, 0.0, 0.0], [0.0, 0.0, 0.5, 0.5, 0.0, 0.0], [0.0, 0.0, 0.0, 0.0, 0.5, 0.5]], "V_A": [[0.3535533905932738, 0.35355339059327373, 0.5000000000000003, 0.5000000000000002, 0.35355339059327356, 0.35355339059327356], [-0.44403691698855796, -0.44403691698855763, -0.32505758367186827, 0.32505758367186793, 0.4440369169885577, 0.4440369169885577], [-0.35355339059327356, -0.35355339059327406, 0.5000000000000001, 0.4999999999999997, -0.35355339059327395, -0.35355339059327395]], "M_A": [[0.4454358586691588, 0.4454358586691587, 0.10912828265116988, 1.1721328271264933e-164, 5.256324420865586e-12, 5.256324420865586e-12], [4.378491961323445e-101, 4.37849196132199e-101, 0.42865217314614357, 0.5713478268538564, 9.511965247511732e-39, 9.511965247511732e-39], [0.013426046970853514, 0.01342604697085393, 2.4758093602110077e-112, 0.0013108793669412567, 0.48591851334567565, 0.48591851334567565]], "V_T1_WK": [[0.5773502691896258, 0.5773502691896258, 0.5773502691896258, 0.0, 0.0, 0.0], [0.0, 0.0, 0.0, 0.7071067811865475, 0.7071067811865475, 0.0], [0.0, 0.0, 0.0, 0.0, 0.0, 1.0]], "V_T2_WK": [[0.7071067811865475, 0.7071067811865475, 0.0, 0.0, 0.0, 0.0], [0.0, 0.0, 0.7071067811865475, 0.7071067811865475, 0.0, 0.0], [0.0, 0.0, 0.0, 0.0, 0.7071067811865475, 0.7071067811865475]], "M_WK": [[0.33332567975121974, 0.33332567975121974, 0.33332567975121974, 1.1480373170345663e-05, 1.1480373170345663e-05, 0.0], [0.0, 0.0, 0.0, 0.0005029756927624184, 0.0005029756927624184, 0.9989940486144753], [8.531445614582835e-05, 8.531445614582835e-05, 8.531445614582835e-05, 0.49985853910586275, 0.49985853910586275, 2.6978419837088815e-05]], "V_T1_WA": [[0.5773502691896258, 0.5773502691896258, 0.5773502691896258, 0.0, 0.0, 0.0], [0.0, 0.0, 0.0, 0.7071067811865475, 0.7071067811865475, 0.0], [0.0, 0.0, 0.0, 0.0, 0.0, 1.0]], "V_T2_WA": [[0.3535533905932738, 0.35355339059327373, 0.5000000000000003, 0.5000000000000002, 0.35355339059327356, 0.35355339059327356], [-0.44403691698855796, -0.44403691698855763, -0.32505758367186827, 0.32505758367186793, 0.4440369169885577, 0.4440369169885577], [-0.35355339059327356, -0.35355339059327406, 0.5000000000000001, 0.4999999999999997, -0.35355339059327395, -0.35355339059327395]], "M_WA": [[0.33302426801706514, 0.3330242680208935, 0.3330242680306465, 0.000460089585288293, 0.000460089585288293, 7.0167608181313895e-06], [1.4429449511339227e-05, 1.4429449869515816e-05, 1.4429450781986183e-05, 0.4999783549955798, 0.4999783549955798, 1.6586775291150765e-09], [0.00012874189170585822, 0.00012874188838018504, 0.00012874187990793604, 4.733033136381078e-08, 4.733033136381078e-08, 0.9996136796793433]], "V_T1_KW": [[0.7071067811865475, 0.7071067811865475, 0.0, 0.0, 0.0, 0.0], [0.0, 0.0, 0.7071067811865475, 0.7071067811865475, 0.0, 0.0], [0.0, 0.0, 0.0, 0.0, 0.7071067811865475, 0.7071067811865475]], "V_T2_KW": [[0.5773502691896258, 0.5773502691896258, 0.5773502691896258, 0.0, 0.0, 0.0], [0.0, 0.0, 0.0, 0.7071067811865475, 0.7071067811865475, 0.0], [0.0, 0.0, 0.0, 0.0, 0.0, 1.0]], "M_KW": [[1.6763108231982308e-05, 1.6763108231982308e-05, 0.49981206544672746, 0.49981206544672746, 0.0001711714450406124, 0.0001711714450406124], [0.4996671767677003, 0.4996671767677003, 0.00033282323229974996, 0.00033282323229974996, 0.0, 0.0], [0.0, 0.0, 2.1305272590013513e-05, 2.1305272590013513e-05, 0.49997869472740997, 0.49997869472740997]], "V_T1_KA": [[0.7071067811865475, 0.7071067811865475, 0.0, 0.0, 0.0, 0.0], [0.0, 0.0, 0.7071067811865475, 0.7071067811865475, 0.0, 0.0], [0.0, 0.0, 0.0, 0.0, 0.7071067811865475, 0.7071067811865475]], "V_T2_KA": [[0.3535533905932738, 0.35355339059327373, 0.5000000000000003, 0.5000000000000002, 0.35355339059327356, 0.35355339059327356], [-0.44403691698855796, -0.44403691698855763, -0.32505758367186827, 0.32505758367186793, 0.4440369169885577, 0.4440369169885577], [-0.35355339059327356, -0.35355339059327406, 0.5000000000000001, 0.4999999999999997, -0.35355339059327395, -0.35355339059327395]], "M_KA": [[2.2311508783541922e-08, 2.2311508783541922e-08, 0.49997632242536055, 0.49997632241982304, 2.3655265899376898e-05, 2.3655265899376898e-05], [0.00041007227080965474, 0.00041007227080965474, 6.327157385319798e-15, 6.327157268775434e-15, 0.49958992772918404, 0.49958992772918404], [0.49934365433170175, 0.49934365433170175, 0.0006552365703438198, 0.0006552365667952882, 1.1090997286625432e-06, 1.1090997286625432e-06]], "V_T1_AW": [[0.3535533905932738, 0.35355339059327373, 0.5000000000000003, 0.5000000000000002, 0.35355339059327356, 0.35355339059327356], [-0.44403691698855796, -0.44403691698855763, -0.32505758367186827, 0.32505758367186793, 0.4440369169885577, 0.4440369169885577], [-0.35355339059327356, -0.35355339059327406, 0.5000000000000001, 0.4999999999999997, -0.35355339059327395, -0.35355339059327395]], "V_T2_AW": [[0.5773502691896258, 0.5773502691896258, 0.5773502691896258, 0.0, 0.0, 0.0], [0.0, 0.0, 0.0, 0.7071067811865475, 0.7071067811865475, 0.0], [0.0, 0.0, 0.0, 0.0, 0.0, 1.0]], "M_AW": [[0.43805224903502155, 0.4380522490350217, 0.1238955018138468, 5.0357113405913237e-138, 5.80549042297656e-11, 5.805490422976243e-11], [3.071024608576705e-96, 3.0710246085750377e-96, 0.48718230560930587, 0.512817694390694, 1.589944466313004e-60, 1.5899444663132037e-60], [0.003946820939149134, 0.00394682093914936, 1.9025392667455195e-134, 0.06259130586031031, 0.46475752613069565, 0.46475752613069554]], "V_T1_AK": [[0.3535533905932738, 0.35355339059327373, 0.5000000000000003, 0.5000000000000002, 0.35355339059327356, 0.35355339059327356], [-0.44403691698855796, -0.44403691698855763, -0.32505758367186827, 0.32505758367186793, 0.4440369169885577, 0.4440369169885577], [-0.35355339059327356, -0.35355339059327406, 0.5000000000000001, 0.4999999999999997, -0.35355339059327395, -0.35355339059327395]], "V_T2_AK": [[0.7071067811865475, 0.7071067811865475, 0.0, 0.0, 0.0, 0.0], [0.0, 0.0, 0.7071067811865475, 0.7071067811865475, 0.0, 0.0], [0.0, 0.0, 0.0, 0.0, 0.7071067811865475, 0.7071067811865475]], "M_AK": [[3.5803244769002535e-138, 3.580324476918262e-138, 0.4752428682985676, 0.5247571317014323, 3.708316327163284e-93, 3.7083163871701976e-93], [0.4336899862306573, 0.43368998623065896, 0.13262002753865693, 1.0757862081325144e-126, 1.3417739388300727e-14, 1.3417739512088619e-14], [0.0031591373631760307, 0.003159137363178391, 2.089125198311436e-63, 0.05440074277763194, 0.4696404912433893, 0.46964049125262425]], "V_T1_WKA": [[0.5773502691896258, 0.5773502691896258, 0.5773502691896258, 0.0, 0.0, 0.0], [0.0, 0.0, 0.0, 0.7071067811865475, 0.7071067811865475, 0.0], [0.0, 0.0, 0.0, 0.0, 0.0, 1.0]], "V_T2_WKA": [[0.7071067811865475, 0.7071067811865475, 0.0, 0.0, 0.0, 0.0], [0.0, 0.0, 0.7071067811865475, 0.7071067811865475, 0.0, 0.0], [0.0, 0.0, 0.0, 0.0, 0.7071067811865475, 0.7071067811865475]], "V_T3_WKA": [[0.3535533905932738, 0.35355339059327373, 0.5000000000000003, 0.5000000000000002, 0.35355339059327356, 0.35355339059327356], [-0.44403691698855796, -0.44403691698855763, -0.32505758367186827, 0.32505758367186793, 0.4440369169885577, 0.4440369169885577], [-0.35355339059327356, -0.35355339059327406, 0.5000000000000001, 0.4999999999999997, -0.35355339059327395, -0.35355339059327395]], "M_WKA": [[6.313892021469462e-05, 5.780188424230617e-05, 7.344080488409579e-05, 1.3851614760884926e-06, 1.944794977154094e-06, 0.9998022884342056], [0.3329741607196442, 0.3329748027999166, 0.3329728542004965, 0.0005140308408782317, 0.000559897017108232, 4.25442195636908e-06], [6.477926329273281e-07, 8.18084375795665e-07, 4.334597365409383e-07, 0.49994499352433447, 0.49981469152610725, 0.0002384156128130152]], "V_T1_WAK": [[0.5773502691896258, 0.5773502691896258, 0.5773502691896258, 0.0, 0.0, 0.0], [0.0, 0.0, 0.0, 0.7071067811865475, 0.7071067811865475, 0.0], [0.0, 0.0, 0.0, 0.0, 0.0, 1.0]], "V_T2_WAK": [[0.3535533905932738, 0.35355339059327373, 0.5000000000000003, 0.5000000000000002, 0.35355339059327356, 0.35355339059327356], [-0.44403691698855796, -0.44403691698855763, -0.32505758367186827, 0.32505758367186793, 0.4440369169885577, 0.4440369169885577], [-0.35355339059327356, -0.35355339059327406, 0.5000000000000001, 0.4999999999999997, -0.35355339059327395, -0.35355339059327395]], "V_T3_WAK": [[0.7071067811865475, 0.7071067811865475, 0.0, 0.0, 0.0, 0.0], [0.0, 0.0, 0.7071067811865475, 0.7071067811865475, 0.0, 0.0], [0.0, 0.0, 0.0, 0.0, 0.7071067811865475, 0.7071067811865475]], "M_WAK": [[0.03499281402454565, 0.964987154814061, 5.204662607964916e-47, 2.0031161393262058e-05, 4.372488181411817e-50, 6.4474391601369256e-27], [2.616485171533576e-16, 0.09407833508617308, 2.154867960987574e-58, 0.8622869122047949, 2.1262369019135285e-24, 0.04363475270903171], [0.21377455674019863, 8.254941272916057e-25, 0.22188236111387205, 8.080431300703701e-22, 0.28537168392657103, 0.27897139821935835]], "V_T1_KWA": [[0.7071067811865475, 0.7071067811865475, 0.0, 0.0, 0.0, 0.0], [0.0, 0.0, 0.7071067811865475, 0.7071067811865475, 0.0, 0.0], [0.0, 0.0, 0.0, 0.0, 0.7071067811865475, 0.7071067811865475]], "V_T2_KWA": [[0.5773502691896258, 0.5773502691896258, 0.5773502691896258, 0.0, 0.0, 0.0], [0.0, 0.0, 0.0, 0.7071067811865475, 0.7071067811865475, 0.0], [0.0, 0.0, 0.0, 0.0, 0.0, 1.0]], "V_T3_KWA": [[0.3535533905932738, 0.35355339059327373, 0.5000000000000003, 0.5000000000000002, 0.35355339059327356, 0.35355339059327356], [-0.44403691698855796, -0.44403691698855763, -0.32505758367186827, 0.32505758367186793, 0.4440369169885577, 0.4440369169885577], [-0.35355339059327356, -0.35355339059327406, 0.5000000000000001, 0.4999999999999997, -0.35355339059327395, -0.35355339059327395]], "M_KWA": [[2.058698718221241e-06, 2.0586987899988183e-06, 0.4999885979295643, 0.4999886238979095, 9.330390606270124e-06, 9.330384411796625e-06], [0.4997804564731285, 0.4997804564704395, 0.00021772957912332257, 0.00021771957133296041, 1.81895289876228e-06, 1.8189530767698707e-06], [0.0007729666978673174, 0.0007729666999109175, 0.0003414150445425106, 0.0003414034674486404, 0.4988856240438973, 0.49888562404633335]], "V_T1_KAW": [[0.7071067811865475, 0.7071067811865475, 0.0, 0.0, 0.0, 0.0], [0.0, 0.0, 0.7071067811865475, 0.7071067811865475, 0.0, 0.0], [0.0, 0.0, 0.0, 0.0, 0.7071067811865475, 0.7071067811865475]], "V_T2_KAW": [[0.3535533905932738, 0.35355339059327373, 0.5000000000000003, 0.5000000000000002, 0.35355339059327356, 0.35355339059327356], [-0.44403691698855796, -0.44403691698855763, -0.32505758367186827, 0.32505758367186793, 0.4440369169885577, 0.4440369169885577], [-0.35355339059327356, -0.35355339059327406, 0.5000000000000001, 0.4999999999999997, -0.35355339059327395, -0.35355339059327395]], "V_T3_KAW": [[0.5773502691896258, 0.5773502691896258, 0.5773502691896258, 0.0, 0.0, 0.0], [0.0, 0.0, 0.0, 0.7071067811865475, 0.7071067811865475, 0.0], [0.0, 0.0, 0.0, 0.0, 0.0, 1.0]], "M_KAW": [[0.00011655732102774257, 0.00011655732102774257, 0.49966113445528365, 0.49966113445528365, 0.00022230822368866517, 0.00022230822368866517], [3.5172467041971184e-09, 3.5172467041971184e-09, 3.992600272737699e-06, 3.992600272737699e-06, 0.49999600388248056, 0.49999600388248056], [0.49976603102636097, 0.49976603102636097, 0.0002338944650029333, 0.0002338944650029333, 7.450863606899978e-08, 7.450863606899978e-08]], "V_T1_AWK": [[0.3535533905932738, 0.35355339059327373, 0.5000000000000003, 0.5000000000000002, 0.35355339059327356, 0.35355339059327356], [-0.44403691698855796, -0.44403691698855763, -0.32505758367186827, 0.32505758367186793, 0.4440369169885577, 0.4440369169885577], [-0.35355339059327356, -0.35355339059327406, 0.5000000000000001, 0.4999999999999997, -0.35355339059327395, -0.35355339059327395]], "V_T2_AWK": [[0.5773502691896258, 0.5773502691896258, 0.5773502691896258, 0.0, 0.0, 0.0], [0.0, 0.0, 0.0, 0.7071067811865475, 0.7071067811865475, 0.0], [0.0, 0.0, 0.0, 0.0, 0.0, 1.0]], "V_T3_AWK": [[0.7071067811865475, 0.7071067811865475, 0.0, 0.0, 0.0, 0.0], [0.0, 0.0, 0.7071067811865475, 0.7071067811865475, 0.0, 0.0], [0.0, 0.0, 0.0, 0.0, 0.7071067811865475, 0.7071067811865475]], "M_AWK": [[0.3951062686642538, 0.3951062686592298, 0.20978746267651643, 1e-323, 7.206106875322174e-143, 7.206106875322174e-143], [0.008469962631568146, 0.008469962625991102, 1e-323, 0.20684059787189332, 0.38810973843527374, 0.38810973843527374], [0.0, 0.0, 0.5115386845661963, 0.4884613154338036, 0.0, 0.0]], "V_T1_AKW": [[0.3535533905932738, 0.35355339059327373, 0.5000000000000003, 0.5000000000000002, 0.35355339059327356, 0.35355339059327356], [-0.44403691698855796, -0.44403691698855763, -0.32505758367186827, 0.32505758367186793, 0.4440369169885577, 0.4440369169885577], [-0.35355339059327356, -0.35355339059327406, 0.5000000000000001, 0.4999999999999997, -0.35355339059327395, -0.35355339059327395]], "V_T2_AKW": [[0.7071067811865475, 0.7071067811865475, 0.0, 0.0, 0.0, 0.0], [0.0, 0.0, 0.7071067811865475, 0.7071067811865475, 0.0, 0.0], [0.0, 0.0, 0.0, 0.0, 0.7071067811865475, 0.7071067811865475]], "V_T3_AKW": [[0.5773502691896258, 0.5773502691896258, 0.5773502691896258, 0.0, 0.0, 0.0], [0.0, 0.0, 0.0, 0.7071067811865475, 0.7071067811865475, 0.0], [0.0, 0.0, 0.0, 0.0, 0.0, 1.0]], "M_AKW": [[0.0023904407262282518, 0.002390440726235659, 2.1943686707230582e-30, 0.021097990518869122, 0.48706056401645076, 0.48706056401221615], [2.0244251254922658e-124, 2.0244251255467948e-124, 0.46703915978637534, 0.5329608402136247, 2.9862470954169546e-50, 2.9862471147692863e-50], [0.4286189346233921, 0.4286189346233921, 0.1427621307532158, 7.095775333347146e-202, 6.629541706088875e-33, 6.629541625700141e-33]]}