{"W": [[0.2, 0.0, 0.0, 0.0, 0.0, 0.0], [0.0, 0.2, 0.0, 0.0, 0.0, 0.0], [0.0, 0.0, 0.2, 0.0, 0.0, 0.0], [0.0, 0.0, 0.0, -0.2, 0.0, 0.0], [0.0, 0.0, 0.0, 0.0, -0.2, 0.0], [0.0, 0.0, 0.0, 0.0, 0.0, -0.2]], "K": [[1, 0, 0, 0, 0, 0], [0, 3, 0, 0, 0, 0], [0, 0, 2, 0, 0, 0], [0, 0, 0, 2, 0, 0], [0, 0, 0, 0, 2, 0], [0, 0, 0, 0, 0, 2]], "A": [[0, 0, 0, 1, 0, 0], [0, 0, 0, 1, 1, 1], [0, 0, 0, 0, 1, 1], [1, 1, 0, 0, 0, 0], [0, 1, 1, 0, 0, 0], [0, 1, 1, 0, 0, 0]], "V_W": [[1.0, 0.0, 0.0, 0.0, 0.0, 0.0], [0.0, 0.7071067811865475, 0.7071067811865475, 0.0, 0.0, 0.0], [0.0, 0.0, 0.0, 0.5773502691896258, 0.5773502691896258, 0.5773502691896258]], "M_W": [[1.0, 0.0, 0.0, 0.0, 0.0, 0.0], [0.0, 0.5, 0.5, 0.0, 0.0, 0.0], [0.0, 0.0, 0.0, 0.3333333333333333, 0.3333333333333333, 0.3333333333333333]], "V_K": [[1.0, 0.0, 0.0, 0.0, 0.0, 0.0], [0.0, 1.0, 0.0, 0.0, 0.0, 0.0], [0.0, 0.0, 0.5, 0.5, 0.5, 0.5]], "M_K": [[1.0, 0.0, 0.0, 0.0, 0.0, 0.0], [0.0, 1.0, 0.0, 0.0, 0.0, 0.0], [0.0, 0.0, 0.25, 0.25, 0.25, 0.25]], "V_A": [[0.1494292453613424, 0.5576775358252054, 0.40824829046386313, 0.32505758367186816, 0.4440369169885575, 0.44403691698855746], [0.1494292453613425, 0.5576775358252053, 0.40824829046386296, -0.32505758367186827, -0.44403691698855746, -0.4440369169885575], [0.5576775358252051, 0.1494292453613422, -0.40824829046386346, 0.6279630301995544, -0.22985042169049144, -0.22985042169049136]], "M_A": [[0.11323092669601376, 0.2581544245239901, 0.14705916571435068, 0.17709229102760382, 0.15241369702963783, 0.15204949500840373], [0.13831131259905063, 0.1647384989752708, 0.028474869750211, 0.2837845090503073, 0.19252037107261216, 0.19217043855254826], [0.021999443117877184, 0.30197068787020587, 0.2822167656965662, 0.037413325507657726, 0.17838939106188764, 0.1780103867458054]], "V_T1_WK": [[1.0, 0.0, 0.0, 0.0, 0.0, 0.0], [0.0, 0.7071067811865475, 0.7071067811865475, 0.0, 0.0, 0.0], [0.0, 0.0, 0.0, 0.5773502691896258, 0.5773502691896258, 0.5773502691896258]], "V_T2_WK": [[1.0, 0.0, 0.0, 0.0, 0.0, 0.0], [0.0, 1.0, 0.0, 0.0, 0.0, 0.0], [0.0, 0.0, 0.5, 0.5, 0.5, 0.5]], "M_WK": [[1.0, 0.0, 0.0, 0.0, 0.0, 0.0], [0.0, 0.5, 0.5, 0.0, 0.0, 0.0], [0.0, 0.12499999999999997, 0.12499999999999997, 0.25000000000000006, 0.25000000000000006, 0.25000000000000006]], "V_T1_WA": [[1.0, 0.0, 0.0, 0.0, 0.0, 0.0], [0.0, 0.7071067811865475, 0.7071067811865475, 0.0, 0.0, 0.0], [0.0, 0.0, 0.0, 0.5773502691896258, 0.5773502691896258, 0.5773502691896258]], "V_T2_WA": [[0.1494292453613424, 0.5576775358252054, 0.40824829046386313, 0.32505758367186816, 0.4440369169885575, 0.44403691698855746], [0.1494292453613425, 0.5576775358252053, 0.40824829046386296, -0.32505758367186827, -0.44403691698855746, -0.4440369169885575], [0.5576775358252051, 0.1494292453613422, -0.40824829046386346, 0.6279630301995544, -0.22985042169049144, -0.22985042169049136]], "M_WA": [[0.3475766754771699, 0.21730258333430763, 0.21730258333430763, 0.07260605261964366, 0.07260605261530047, 0.07260605261927076], [0.13456486366918705, 0.16309147296618232, 0.16309147296618232, 0.17975073013387716, 0.1797507301309457, 0.17975073013362547], [0.09955254647011934, 0.41750822497313705, 0.41750822497313705, 0.021810334529670364, 0.02181033452469316, 0.021810334529243025]], "V_T1_KW": [[1.0, 0.0, 0.0, 0.0, 0.0, 0.0], [0.0, 1.0, 0.0, 0.0, 0.0, 0.0], [0.0, 0.0, 0.5, 0.5, 0.5, 0.5]], "V_T2_KW": [[1.0, 0.0, 0.0, 0.0, 0.0, 0.0], [0.0, 0.7071067811865475, 0.7071067811865475, 0.0, 0.0, 0.0], [0.0, 0.0, 0.0, 0.5773502691896258, 0.5773502691896258, 0.5773502691896258]], "M_KW": [[1.0, 0.0, 0.0, 0.0, 0.0, 0.0], [0.0, 0.5, 0.125, 0.125, 0.125, 0.125], [0.0, 0.0, 0.25, 0.25, 0.25, 0.25]], "V_T1_KA": [[1.0, 0.0, 0.0, 0.0, 0.0, 0.0], [0.0, 1.0, 0.0, 0.0, 0.0, 0.0], [0.0, 0.0, 0.5, 0.5, 0.5, 0.5]], "V_T2_KA": [[0.1494292453613424, 0.5576775358252054, 0.40824829046386313, 0.32505758367186816, 0.4440369169885575, 0.44403691698855746], [0.1494292453613425, 0.5576775358252053, 0.40824829046386296, -0.32505758367186827, -0.44403691698855746, -0.4440369169885575], [0.5576775358252051, 0.1494292453613422, -0.40824829046386346, 0.6279630301995544, -0.22985042169049144, -0.22985042169049136]], "M_KA": [[0.3483901953338587, 0.18278039280127642, 0.11720735296670334, 0.11720735296813772, 0.11720735296234105, 0.11720735296768287], [0.2223116255300905, 0.012975404273803018, 0.19117824254950558, 0.19117824255091617, 0.19117824254521576, 0.19117824255046884], [0.15108325230268063, 0.19990379092571, 0.16225323919319198, 0.162253239194045, 0.16225323919059784, 0.16225323919377446]], "V_T1_AW": [[0.1494292453613424, 0.5576775358252054, 0.40824829046386313, 0.32505758367186816, 0.4440369169885575, 0.44403691698855746], [0.1494292453613425, 0.5576775358252053, 0.40824829046386296, -0.32505758367186827, -0.44403691698855746, -0.4440369169885575], [0.5576775358252051, 0.1494292453613422, -0.40824829046386346, 0.6279630301995544, -0.22985042169049144, -0.22985042169049136]], "V_T2_AW": [[1.0, 0.0, 0.0, 0.0, 0.0, 0.0], [0.0, 0.7071067811865475, 0.7071067811865475, 0.0, 0.0, 0.0], [0.0, 0.0, 0.0, 0.5773502691896258, 0.5773502691896258, 0.5773502691896258]], "M_AW": [[0.26509350285890176, 0.2690839690655473, 0.0039904649241620455, 0.34106354934918837, 0.060384256901102024, 0.06038425690109842], [0.0752308041152562, 0.14250556382434135, 0.06727475847680923, 0.23329631548459495, 0.24084627904950043, 0.2408462790494979], [0.1002248234333578, 0.2707599384423672, 0.17053511379075736, 0.15401223568459418, 0.152233944324463, 0.15223394432446044]], "V_T1_AK": [[0.1494292453613424, 0.5576775358252054, 0.40824829046386313, 0.32505758367186816, 0.4440369169885575, 0.44403691698855746], [0.1494292453613425, 0.5576775358252053, 0.40824829046386296, -0.32505758367186827, -0.44403691698855746, -0.4440369169885575], [0.5576775358252051, 0.1494292453613422, -0.40824829046386346, 0.6279630301995544, -0.22985042169049144, -0.22985042169049136]], "V_T2_AK": [[1.0, 0.0, 0.0, 0.0, 0.0, 0.0], [0.0, 1.0, 0.0, 0.0, 0.0, 0.0], [0.0, 0.0, 0.5, 0.5, 0.5, 0.5]], "M_AK": [[0.07687837028845873, 0.4223980347430607, 0.3455196624007492, 0.0007085909078631613, 0.0772476708306714, 0.07724767082919681], [0.06367379856565475, 0.18662070074174436, 0.12294690096236897, 0.18333112356091877, 0.22171373808619335, 0.22171373808311978], [0.19953907986305755, 0.28632245823819474, 0.08678337707537874, 0.2528078707615051, 0.0872736070329885, 0.08727360702887527]], "V_T1_WKA": [[1.0, 0.0, 0.0, 0.0, 0.0, 0.0], [0.0, 0.7071067811865475, 0.7071067811865475, 0.0, 0.0, 0.0], [0.0, 0.0, 0.0, 0.5773502691896258, 0.5773502691896258, 0.5773502691896258]], "V_T2_WKA": [[1.0, 0.0, 0.0, 0.0, 0.0, 0.0], [0.0, 1.0, 0.0, 0.0, 0.0, 0.0], [0.0, 0.0, 0.5, 0.5, 0.5, 0.5]], "V_T3_WKA": [[0.1494292453613424, 0.5576775358252054, 0.40824829046386313, 0.32505758367186816, 0.4440369169885575, 0.44403691698855746], [0.1494292453613425, 0.5576775358252053, 0.40824829046386296, -0.32505758367186827, -0.44403691698855746, -0.4440369169885575], [0.5576775358252051, 0.1494292453613422, -0.40824829046386346, 0.6279630301995544, -0.22985042169049144, -0.22985042169049136]], "M_WKA": [[0.24627415236970365, 0.20000890612771335, 0.20000890612779296, 0.11790267845256165, 0.11790267845989266, 0.11790267846233579], [0.004145244933743453, 0.1086347442332674, 0.1086347442332686, 0.25952842219996625, 0.25952842219988986, 0.25952842219986433], [0.18327342639096114, 0.25332654009475825, 0.2533265400948488, 0.10335783113322629, 0.10335783114169203, 0.10335783114451333]], "V_T1_WAK": [[1.0, 0.0, 0.0, 0.0, 0.0, 0.0], [0.0, 0.7071067811865475, 0.7071067811865475, 0.0, 0.0, 0.0], [0.0, 0.0, 0.0, 0.5773502691896258, 0.5773502691896258, 0.5773502691896258]], "V_T2_WAK": [[0.1494292453613424, 0.5576775358252054, 0.40824829046386313, 0.32505758367186816, 0.4440369169885575, 0.44403691698855746], [0.1494292453613425, 0.5576775358252053, 0.40824829046386296, -0.32505758367186827, -0.44403691698855746, -0.4440369169885575], [0.5576775358252051, 0.1494292453613422, -0.40824829046386346, 0.6279630301995544, -0.22985042169049144, -0.22985042169049136]], "V_T3_WAK": [[1.0, 0.0, 0.0, 0.0, 0.0, 0.0], [0.0, 1.0, 0.0, 0.0, 0.0, 0.0], [0.0, 0.0, 0.5, 0.5, 0.5, 0.5]], "M_WAK": [[0.2703068286882421, 0.21191616370233798, 0.21191616370234734, 0.10195361463710188, 0.10195361463157403, 0.10195361463839674], [0.020889101181092138, 0.2660636691235169, 0.26606366912351853, 0.1489945201908892, 0.1489945201898508, 0.14899452019113246], [0.19648237761910917, 0.08505045970068216, 0.08505045970069067, 0.21113890099426003, 0.21113890099000013, 0.21113890099525784]], "V_T1_KWA": [[1.0, 0.0, 0.0, 0.0, 0.0, 0.0], [0.0, 1.0, 0.0, 0.0, 0.0, 0.0], [0.0, 0.0, 0.5, 0.5, 0.5, 0.5]], "V_T2_KWA": [[1.0, 0.0, 0.0, 0.0, 0.0, 0.0], [0.0, 0.7071067811865475, 0.7071067811865475, 0.0, 0.0, 0.0], [0.0, 0.0, 0.0, 0.5773502691896258, 0.5773502691896258, 0.5773502691896258]], "V_T3_KWA": [[0.1494292453613424, 0.5576775358252054, 0.40824829046386313, 0.32505758367186816, 0.4440369169885575, 0.44403691698855746], [0.1494292453613425, 0.5576775358252053, 0.40824829046386296, -0.32505758367186827, -0.44403691698855746, -0.4440369169885575], [0.5576775358252051, 0.1494292453613422, -0.40824829046386346, 0.6279630301995544, -0.22985042169049144, -0.22985042169049136]], "M_KWA": [[0.40431107994986965, 0.08797415767740417, 0.12692869059370487, 0.12692869059394052, 0.12692869059516637, 0.1269286905899143], [0.054685401554721916, 0.11084008285784235, 0.20861862889718494, 0.20861862889733182, 0.20861862889809546, 0.20861862889482347], [0.193615546351773, 0.3308948823082281, 0.11887239283485712, 0.11887239283479294, 0.11887239283445898, 0.11887239283588978]], "V_T1_KAW": [[1.0, 0.0, 0.0, 0.0, 0.0, 0.0], [0.0, 1.0, 0.0, 0.0, 0.0, 0.0], [0.0, 0.0, 0.5, 0.5, 0.5, 0.5]], "V_T2_KAW": [[0.1494292453613424, 0.5576775358252054, 0.40824829046386313, 0.32505758367186816, 0.4440369169885575, 0.44403691698855746], [0.1494292453613425, 0.5576775358252053, 0.40824829046386296, -0.32505758367186827, -0.44403691698855746, -0.4440369169885575], [0.5576775358252051, 0.1494292453613422, -0.40824829046386346, 0.6279630301995544, -0.22985042169049144, -0.22985042169049136]], "V_T3_KAW": [[1.0, 0.0, 0.0, 0.0, 0.0, 0.0], [0.0, 0.7071067811865475, 0.7071067811865475, 0.0, 0.0, 0.0], [0.0, 0.0, 0.0, 0.5773502691896258, 0.5773502691896258, 0.5773502691896258]], "M_KAW": [[0.02763971281464262, 0.35726929198069285, 0.15377274879749492, 0.15377274880035166, 0.1537727487997678, 0.1537727488070501], [0.17520723654967305, 0.13691909398263938, 0.1719684173720004, 0.17196841736804855, 0.17196841736885624, 0.17196841735878243], [0.4861994643556666, 0.2746310445690317, 0.05979237277843266, 0.05979237277095674, 0.05979237277248471, 0.05979237275342755]], "V_T1_AWK": [[0.1494292453613424, 0.5576775358252054, 0.40824829046386313, 0.32505758367186816, 0.4440369169885575, 0.44403691698855746], [0.1494292453613425, 0.5576775358252053, 0.40824829046386296, -0.32505758367186827, -0.44403691698855746, -0.4440369169885575], [0.5576775358252051, 0.1494292453613422, -0.40824829046386346, 0.6279630301995544, -0.22985042169049144, -0.22985042169049136]], "V_T2_AWK": [[1.0, 0.0, 0.0, 0.0, 0.0, 0.0], [0.0, 0.7071067811865475, 0.7071067811865475, 0.0, 0.0, 0.0], [0.0, 0.0, 0.0, 0.5773502691896258, 0.5773502691896258, 0.5773502691896258]], "V_T3_AWK": [[1.0, 0.0, 0.0, 0.0, 0.0, 0.0], [0.0, 1.0, 0.0, 0.0, 0.0, 0.0], [0.0, 0.0, 0.5, 0.5, 0.5, 0.5]], "M_AWK": [[0.16620410034331096, 0.19035842189976876, 0.024154314435474996, 0.2956527987610397, 0.16181518290201183, 0.1618151816583936], [0.1942055893694209, 0.3637930015128209, 0.1695874056742727, 0.18191147917269393, 0.04525126268068114, 0.04525126159011031], [0.02611385960038554, 0.24280388471703293, 0.2166900260557025, 0.09397737004202175, 0.21020742960551686, 0.21020742997934042]], "V_T1_AKW": [[0.1494292453613424, 0.5576775358252054, 0.40824829046386313, 0.32505758367186816, 0.4440369169885575, 0.44403691698855746], [0.1494292453613425, 0.5576775358252053, 0.40824829046386296, -0.32505758367186827, -0.44403691698855746, -0.4440369169885575], [0.5576775358252051, 0.1494292453613422, -0.40824829046386346, 0.6279630301995544, -0.22985042169049144, -0.22985042169049136]], "V_T2_AKW": [[1.0, 0.0, 0.0, 0.0, 0.0, 0.0], [0.0, 1.0, 0.0, 0.0, 0.0, 0.0], [0.0, 0.0, 0.5, 0.5, 0.5, 0.5]], "V_T3_AKW": [[1.0, 0.0, 0.0, 0.0, 0.0, 0.0], [0.0, 0.7071067811865475, 0.7071067811865475, 0.0, 0.0, 0.0], [0.0, 0.0, 0.0, 0.5773502691896258, 0.5773502691896258, 0.5773502691896258]], "M_AKW": [[0.18295484069887794, 0.24453091248836176, 0.06258771073486737, 0.26338074455705796, 0.1201015506633693, 0.12644424085746575], [0.05199686830593882, 0.37295577352251436, 0.3195602206321898, 0.02063290767263093, 0.12057606505053325, 0.1142781648161927], [0.23057234545657226, 0.3212663801712832, 0.0916305048600628, 0.2529493945340525, 0.048658700687342134, 0.05492267429068726]]}